9.008399949820763419e-01
9.488211825699571778e-01
9.583546310654207367e-01
9.595233824358325725e-01
9.490281097285050427e-01
9.847561061012453099e-01
9.265091397013790475e-01
9.877676932249572772e-01
9.739216781718442739e-01
9.745588147637452847e-01
9.910014535910397493e-01
9.742071899774933375e-01
9.958101276600941354e-01
9.943181880364050373e-01
9.945751689815361951e-01
8.266161964017032515e-01
8.120396987600163596e-01
8.509972625593137385e-01
9.420004486898013729e-01
8.996506300953328594e-01
8.966588521894632846e-01
9.539019866051452468e-01
9.588264080384293342e-01
9.589412379607286097e-01
9.512526098075729797e-01
9.836328224036086088e-01
9.178269218469899959e-01
9.844034710147095968e-01
9.799028689276217952e-01
9.746190880328049477e-01
9.916192202481787232e-01
9.726587972949356509e-01
9.957340312991028730e-01
9.855858762400451223e-01
9.950253928428436367e-01
8.304446968025623876e-01
8.141240938224046930e-01
8.506447811140270820e-01
9.479622236021031378e-01
9.028703306547065655e-01
