9.008399949820763419e-01
9.488211825699571778e-01
9.583546310654207367e-01
9.595233824358325725e-01
9.490281097285050427e-01
9.847561061012453099e-01
9.265091397013790475e-01
9.877676932249572772e-01
9.739216781718442739e-01
9.745588147637452847e-01
9.910014535910397493e-01
9.742071899774933375e-01
9.958101276600941354e-01
9.943181880364050373e-01
9.945751689815361951e-01
8.266161964017032515e-01
8.120396987600163596e-01
8.509972625593137385e-01
9.420004486898013729e-01
8.996506300953328594e-01
