7.190411873899110740e-01
7.337344901099656092e-01
6.993274082685951853e-01
7.581398377249894960e-01
7.274780633966922982e-01
7.227006071736694626e-01
7.247007559763498641e-01
7.218213484103028765e-01
7.589991221132632582e-01
7.844433018186098838e-01
7.308244254632518810e-01
7.218578835076943090e-01
7.044512089222847440e-01
4.577205676969444692e-01
4.521389909066219071e-01
4.951166964682413574e-01
7.088317436154856210e-01
7.547272620498919338e-01
7.894921866602547800e-01
7.675252149235953780e-01
7.225742789413862610e-01
7.338966054331595990e-01
7.072718790593377491e-01
7.614248910540952764e-01
7.575112103365505556e-01
7.177455217536399257e-01
7.269456068263914217e-01
7.186967019364725040e-01
7.632192436256729495e-01
7.988308268643943277e-01
7.322480053499813568e-01
7.218094557238594611e-01
6.928324964802001773e-01
4.578179515070400218e-01
4.497148290978609797e-01
4.983204320347501270e-01
7.026471478043934127e-01
7.596140764267661494e-01
7.875583022714300885e-01
7.414062980207507536e-01
